12 20
8 39
10 73
20 92
36 112
55 119
75 117
80 122
99 119
81 124
55 124
32 111
18 91
5 56
15 19
8 38
9 57
15 82
29 103
46 117
64 125
95 116
79 125
51 123
31 109
15 85
7 59
12 26
7 53
12 68
22 96
42 114
62 124
109 104
135 105
164 77
165 44
156 6
162 20
168 43
168 59
162 80
152 100
134 113
108 123
91 114
113 110
138 93
163 73
167 32
156 10
164 25
165 42
165 64
152 99
109 104
90 110
109 118
140 98
155 75
168 52
157 10
166 33
161 62
151 95
129 101
105 110
89 110
71 112
50 116
32 100
15 87
8 59
10 34
25 1
